18984454077
24720273995
56074105426
64583536001
66250538086
67297154602
72507273580
72676246998
85096403637
91652167573
345213107946
402417482639
407508297616
761062924254
917530723003
1014497065973
1147687500659
1395431869258
1433994708264
1478692585417
1544862536588
1558115948452
1757848641432
1806763025609
1874733514559
2055657920243
2187439367702
2368082981593
2382055678331
2421223007042
2462892585331
2522042858555
2587557003706
2828353877750
2889353141234
3092509598286
3230516926072
3392556385375
3394471291187
3461475862187
3582516587602
3597213026618
3611122827710
3750435072527
3873562195817
3957095887936
4075132002428
4091944522793
4138171509034
4281447951180
4338391798836
4381955258682
4425913796000
4513331567917
4606878979932
4620235099338
4621975429683
4671940589206
4687379688428
4819105562174
4824436181731
4922276028932
5013408890549
5018922749985
5408743036887
5462971343082
5547138177239
5785116310502
6074187204733
6251254445124
6295621746390
6318377090733
6340590664673
6404400691249
6426776878097
6505178047216
6912379379350
6932771133172
7016109308680
7091857675605
7564333321867
7643268381905
7893367695015
7988713807555
8008008832906
8060642338455
8124818511461
8196390175136
8447347863568
8623501382879
8703562094166
8981556890323
8999132685603
9150433112286
9190261891936
9258328593071
9368561477197
9376063631454
9760298959205
9916277317104