5535768132995377157799374262869
4672112916441182833832896816227
5683755881794616482452946886992
3253811585349324713236527339288
6435674281381824818875866579225
4222358695568921595547313763162
3584749441814328777794638269383
6991231935451875941198394344313
5782769929365256146396862383228
5878981464527724771614474779761
1488992557917257127847984653364
9291936743485888722679661344925
6746494481153672638376371543575
7363373355568473264925752355659
6193211232427562932578661676893
431423346237828@154659927272879
7936124936595476994831199613535
3475472443627738782287546784957
2734543133545479423447585188766
7838719693269956226144233413277
8718164563286798751687252494664
3845145327292645119551661163817
7965395986815515816336371963378
4739237299752893938323345286713
6158368989233661577961787568792
6359773648242577473433846289135
3247544474742976136963764142171
4118121391243178862313521299271
6138145342636418863992599444382
1252698944643616945139138781931
5432398959614923637673914966688