61352638675748222625684253641166141747356825435264468461833357825535622832415728582441617323656812255
52144327588641687534273577126442561621663725661643523785325787762368274717238472885118585865328286452
11314373368565447234465372548651155551224442228346873374172374843357752587833441414882666554643241432
36673461655266452842773812826688481437812542184845228751543664232264583371467224531323242118612323641
54582245563432341841632711624452314766825838844133847175321662736145278673582417375243651326568317825
37224722583253852762136226864678175253861786544377375525447573411627561681426183527716413371543711718
85825423587752258288828164118767723683815251858546636243381358173161141811683748177628451342713724646
71446844452724627426384816268118757887843568177514813735551468873233714828271726146568428763521128657
47371357187283581178571123127745627265345318613581783682771542284387315553556516685417181457613326817
42167282151233265767263864383871671733736363321762411277853782146512738422821884751433835615857886254
47384427738415332727234756817313846544575843286672437261715244387732386111624742868352561753835752161
86482551454715775235672786365372647726125624898788946899584218513126885246864657342362127158173223474
46675456584568365524361245878567864552648557944674595995944679753532822332311546554387315555232878371
76255173216184462731212155854226756286769857788878978894469784875861563133148688525246267724416614538
58186113648851516346781771362635515467864857674766847486597589479867717864458743783811182636828432136
87262874121488638512366286537571847994776497944859678879497787894868646433287528311748633116314467556
82138425575647548182564564423848569799845777596577679547554787987595944416131441513853133312122248532
13571671628431725571486458145695599797974644798497988866554748994799579467743823312242444177467877231
77267232244321573383125212497475999987557657665989488968944645596779677456655264763775256328856588887
56626267718638751678412246886594649875454549855987697575457698686675486564682772556551577321377388836
26366782622447611145221789595755947497845777455475784557749895469686879799444853843331657528663458784
87822172857481253766174855585548684898465996457785484877679497485456597869594763574571232565151837387
25523771726158152552688859579584795948787864884488868697944757746985698688685597134828845861221827232
23251746372685423588467696466654747546556484448975796784597558974767796469774497721272116274568327276
53447541522426421481648477958987479684687765455998945488568958575948484859446967675556351711537264746
62328824724785264737458445575897678847777975746558784554497478466899897778548754797715152882332642216
54615662263651261518566894694888778569785865857566777558584788499895877687986794747271148515284672312
76238386345226221356565478747748458494485848498747675956466475768496567599975977856455827441883268815
66254273126131616446546494546459876568745796865766445645658978869647459585494976879594323386424427748
11675888161633425899585888689594979648945549795964874978595876969877864597767676966765757817537373532
67212883518128235876798796974984684698746996859686985757787954454666795776654568546587622855567642837
75287577217772776798694564888975558748549776956894447449594694567857567888558476896887437642887252712
62844246381318687766668945499864856746566698655999768659555456685967945996995689984855862588327645434
61745666873846589699444655968978895464594646799895597686667857797667779447688857979597557115578234516
86385734312436746874795684944997975599658886899578986496565578769778588588898598746465545153568133264
37675754724734764899699886878886989766898769949585759694856548975464884889475977869477944275666175436
87534284166774677686977978846545544567897586684684457755948648449598475649877774668767654341425235553
82617655462278459748597457777795868484644564849786986956559578594875497688967754996659695618267622465
85247741156275957966477448878966446688747667579858856744488596696966868997758948488786698624323545155
75545121234157949478784788484797476795448478784558765845987578978945756658975445875765459587657485783
24132813253567778796849988587468799688994454469589778459574494445666597786699987685647676651161225853
57424661366685966897487976757968777689646997675656598445897466978887676679749868744958694532864314345
12214414856884558768767985979965849755998955854487966848694654979576994985565954669796998931478812262
85647448376748467778758894698574755669956748889865665849769949956966485786987697568747687572843574785
58466122483947445669866886845845945687756969785984898879455949495594598486855944956845556798423244147
63247664336847794544968756875686676566974565846969974899869969594949566896866598448765448688581188844
33143852873477464559674557454787598694668459484555778767989758497998487655888759788554685767584718347
82184763267786746686846659947669966866799455586845856768969494568684768594447478959485457642377313874
42425138233759665796644975964757795646456968869489874746556564488685666555995558768884944773252127451
41463373865484955858465956559556844846766959864758877794655744867956586845555467954894685794758254213
22652584416487778847469898445744649654547469557954@86596886769957555676454486986668876764697666381116
27583874714784976968996798544946576886666777856584786987777957465669966574466657574658957476862847716
28611748413997897679556854444895848747959798576447648854697964456588954877575798496776844764366811334
71655311558674558699878446657669674855859949944786496776688549759684946688745488649544844452243245546
45385827648688477888678574566968497649894498696674779749449567747967648866986856844697766747463815523
54627421557469857464686744478675894888549775967897585678596887656456768789558799794797586776217533735
48864461758867865854589785948585858697958857586765958548668766697647887458544595777766469491246215883
63513178582949476776694956878865644664749858994947646858576875968746769669897689755675599446335443536
53117378261575475446778877465686745575594579855784857669755666748549654799454954697896444697834771356
71233433141499656499658896885475569667567565954459865446995499985867777449798648856479775858643342451
13368745543887955744576569949789466999546895899448498595499695464695456576499566554759859542627588113
36547553571667497788759757748755557685454587896996749459747589857746749766747675496995545555131766314
46588847358264766674565884984779676798987749955485578474898646556884654756898896456545998838487827451
76675848457758448884644977567678954798797586599665694795788998549795596494566467466948885563423238683
82632468718369944797656575956757985467575686694666589876456854747977795859974785759448587385421727247
68728647168469468985699467465846556986846867454577444955979576999877657854557857997749489751336185861
75118836261472955878959968645775889766497754656745998775689599687879894477686797554766788126874543534
12564652414726455456488974799547877795954549648745494794748968497455444867948566685795555881262452384
68544256835172796585447775866495457696986549858864668698468545764548464577964855869778543528638423157
41633662571838155867847778548645775746459547678567894777458847675759874899577798476665681716146178183
76728851826864178479975985844498974666694465958774568988645889447875684974775848995777338258242645647
74325262723486759465986677577949649484868868998597659678989466749459859577859854865688155177883124873
15784535272466772564977669658795964747749678879856657785789697485676565669687897468444474516287847515
72472245838647552959477688897846445795694798789964746444976989865579444759445546584651455882778121678
65415645663528665398968979674986584766555799498668886475498774767548997498959559975581141324188635327
33346821111348366185799495545796499776565849679588894775646899794784467844667947564743511861556612612
62818215787734337784759667665689977755785995848868654676576646495747858459587865457582746175225334855
32743745755178887274269477748945847699986749784759557797966574957758594794844977913453442882745625277
81718265543425543612597558674687586499948468944879466885699864794467577864744574773363257716537235526
63768611856258518126586876684876676864455658866789754895845679864854668944684994824365365347467545131
16446112622288437448252965689788557878566557667456789775948847659964647645748671486813754426722353167
64232643246161635146288135466899969868687785644787465689949549879787444445565113281242753456865668723
42641414381218572817466332648457545478585646774859748879848449476579568666566853517113182862546888473
35376186528627261775148224877655796744958699986549964785667745998994869669765444265665251457616677363
63522233651848635337427474618766958755749849779856587756555787458576888569388265738833377878626632324
76357822676864461762646586535755894648964699668888445487559965958764875917336667854742468366716734313
64434763884538556725584143518186488566576777455578846964478988485874465351125467738284517285287274537
45111853745632667141686481312254647784459787999867955785687546679976655656671551483472747357267511326
87252776523621527123158572765553442447888897978555868556776878968522768323744286711146263346767157263
32357853346437837368785513745436155276546658979695947986859948555145137351756524647586867738876277567
84634631281427366713572442688281844758426438664594878868579657131164473221632235167371132453858578835
54438136713565651634185833351228544756267438372514161611416266455234211638838831738612418347372128881
61116361833144838837631438388252384612518678842517384782245223863871673338332522473347324631328644366
38641488455821275468246283627517387361885776671334486267532257746486257315178133211818184812576742672
56724363153276183832551131756574348341816788643135138142155528277821752631678428214633625772384156566
13718456337576561363218144856243214713633573512543253116475853177152351628737525271564566626484224281
42435451654488333254566362447863586855143888358471727288561687673724825168117514481453464117151727868
52156827674438287331415461648758831536842623258461124817466133683236847665466675853357282246683174574
52516722881137847377657571625543685116334322386131685283423548521235585252152227755726713871678568813
44454522572624641123137143745327813535832752886728245318446341473171644175861422865356213677346545425
33526388723431343825837826267675886813731822334651556426868586742364155766638535724346555422123862562