7555464566755558844446667548454644844485854564644336774655667764345555464364476433565545667774675656638656764646486874845857746776544775845446775744678
5678558658684555884856577777777676675647444845653676467636747754547473354765666433763733773446753657546767658644555587777758876546555764445488665545446
4886566485885677486678777764587556884677887467535365454664557636543753775565463453436754765633675475774756586645474786654846544576544874774685666444448
4475846447587477466764654548464777775556846655733564363635746634745637644545566553366357547577367674445355346445746778486646645868748667655768568656578
7775456588747448875757848884656585887754646354434537453547334753547755533745776634743745676555546345336467465765884584748588746488747447457544878544886
7557488677467855865686846685488775878574345535757646367373775477736375736773644443663363746375454337753557533357674755457658458678575866768867464454767
8574557687778848856465588688648455876663537463565575465744437646553344363557476373564466546763765575436477364737474866884464646467747864657744648477474
8574645887588865785755484466456648554334577567754666355457637453743743744343553745544576773637656763433665574634473666575584474475457674558468578568456
7654755448755586848457788458758866357367646364564764445536746365644355634111111134675537446443337663665473465543744434787466656847874845464477765465886
6577756578587886865654684748468353563736664373777567667473367465476631111199999116434664643365445564575637543637465443566685654455474578667587666478867
878544476747556557788758848875747463667367674673376374434466745744757199911S999916446545645777677733557434647363353363665875748675547448567655685766874
5587848578778647887474775876754345735746744437643477777474653345355771999999999913346475336665534737574754756575774453375446788564587757588645667648567
5754488566845855756644856877444335373735563675657364375553355644536641999999999913744544443444366643575454544563574654775344654756854645767474886676886
4765757648585767548464666574655634354553355567767336777575447347535673647999999616376777344357445366666377633335556635344457457776875745784847745467758
8864877844446758747474443447346745465544435365453356556754573655367575433499993716567757444537556367544447654646433673455373737468555876857586586566585
4444486866854475765448847475436673737733736467355746536534477575636656644657373666765677533763745535667666444563744776736474533584464544466588558746886
7648775664567864655775756555336344775573663664433776666476465634553344366733443474333656547534544355574545565736577747366556655766878455857675755755847
8756585655858744864587466573335736353765636676753664664573443445636645576576354773664674634445736756757763575757746564463336545334544444558468758848586
6874548865667488846473756663676466365545763353474465356536435463446544377645533333737736635366543635636534665356347745346746535677685467654666644647646
6458656645468668855565566374464745675573574767633575557374457774534476755454336676547375543664364666767655355653433445753744635335566486787475645674465
4766678488778687787757634674735374636676344553664375364744437554564654774535663554756547654463465734665766576777446576636447773576535775467566847548786
6448857487457786866345444344334475655676334647466353744676434665333763534354476355473477367635355636467456745776577554476334543775657375848767788878474
6468577864674757557336645637334747445533673437765475655734643553336654543354643346747543465465674766376534533745674373563336535777673644566655655664867
8656667586775577743636673537357777543675543336636734733755374656754242243334665245632645653346743454745744665454454333363663777764634645667854844464588
5486845474465466746354635657353746676666547466453633555556667554325245236262224643253622437345557573444337746743734673574777444473763753765577465558548
4778855764646445337753465675464366557665435666653355557474255564353235265352632463533544452335575367445646757377456546565637677763646477767575777758486
4587676575758776346373334643337634755363756454636667364233454643323363255434532656524536344322535473734667647556667357436733757335747377668775556457865
7688547677647664746766745537773456446467463737653537752345244346622432336464346245654564562524524364553355444735745375665364754643345464774688577774684
7887557574474557435676755433334433764536545757336473552462254544334663425434246255432552263565542322546574735745654333564535444635656446637557565468576
7644545784854637544543737674747435766546565336477353524463664642323624622324362433356655433655323263355477546773433656334744575773636575663354656748565
4844686845535635533764635774753545677475753357335623542422354564246263335566653533522226453663645224625473434555636366675345365473447676575368647876845
5847865445355473336563573554433673743373357347446233332244453524446654266226343223545443454252246253225443443363346567667674737373766474556736564666655
5756554454345333575334666743767437563354756334355242456544342426242526646446444336634544433465342233622646473654364464444337353756455564465637784847658
5566474535457567374553546654347463665765754626434552565255642452245444636565442543356322354666664665442245435665457645637435647453757336466773756487565
6444587357356547367454744735764767544665355645222254422354442262532454365454325552666625653232346645563444633645644553645535743344343345773665757685444
6778867353357737767535777557356436464345563626226323654233366342554226654424232633544355536624236356424534536247576633653335466767634674456457555656566
5484443655444377557337454454373333555733456252524446223646544633423534343564354453243263454632546365336545322445536465764765567537554734756545457847745
8848444545553463637637356374377357434455442323622232636435435352244556634556624254225426663425234524424326425255544764756576447474453765467566474576476
6875435666366775447455435434664547736465554353336555554636333442352243442266546624622526444466556654453643546566537656746533563545363777663534465348845
8577543774653574374555643343466675476355234224554336555436243633645465533644343363263466265425345323234443445363545453567735366444477647767763645367844
5887357437754337733543334745365635652354446233523226645633345253332234634546622326456245526642265663444652643365453647677577576473334543737577567437778
6788773634647343374756737455734767766225453242563466363642244462644432556563255625533334463453554643236542225533643655474466357743643647537457446478486
5464653447637735653656653437635547624355663223564566256653424224662525236466465422265365526446644665636353362235462264466576563766435576535666546475587
6783344335364373774655667363373542426653422553554434542324443362553663362632645664252546523625252245663646263536326326675655634533734465635665663433757
5436454456356766344756437655344644336553643546462325522653633645444244363463444335434364442434256632544535226346653244267564466475463764573443443433747
8865374676355575565554445473576662543463425626546524556364432422533265346653635436223565533533665632555332334352434255467365446746733445433764437545456
7363434557676675533475573764464235242256644665634335562554264235225646435633245353223525326243524536522244245353526224244435375533437435575743374447656
4363733435436757676373546537545632455233522542652324324355342666645562634525326254342556566355534665352345555366345334454663573457334635533756547534566
4477567534645775673467457567463436254443325634242263223266445332333326234225662243323524464453645264552362565432366556624773455635653745333557577457556
7535763657377634644343346565655256443245533662444424544322232556364366232323445326365522523465343332426326665233463622642675543376735347443556746337666
4645435356554656654567635453664656564354443452622236354342566622546223333435432434426433542343626236533442332443256634356675776734443544655545776643373
7337636773576737367336754546663236266353364225436353365554253234442443342224454454235346653266332324325223426343622642344445475465565746663634573737445
6377636743653365345763454335346352565435653432453545435623456334252532334353523533535352235335525466564643435344426423334245763456337367766366733557433
5754533477554355534444574676524643655453243525642663522445555234225435522242352224542342245362542255536555654224566524655522636774537443776447464547566
4736346577445744574434373575522223643622556423225256653554345545223343522352553454524443353533455332533442555322664436436424375467755455667537464674767
4554735677467364443555635336426455463663335643263362554253342325335332532533533523522534254252253553364442634555226542533442476647446533447475474564436
4554374774765656465577744643365455234525546644464323553263253433533453333533524552225555533234642365265655653345554462664453257734745747377465677655343
3674773673764735357337763624524354446255236543632335453543442223325534324342234333232433254353454365653355562622252424625536543463757743565375575444767
6737663736573645536477334356332544342635664565565646544355524443453324522545525255524244352444552252524442232542655265335366625366666676567736775636575
7654336767556334743774747624432243326535322536233525425354343432255422523532434555534342334333555646523344335464565264543256556557563377574457737546364
4577536667466636437666673564242646256465536322624554252253552532433543525335423553353432544323524356235643664343645666553324524557336735553654577773457
4453665456765374377536763432222343356545222423244565325534342254452533422422535333253425542253323442324444333345346256353525643455334364756373534737664
4377377374365533637647536523325262465333336236562455223244425235225354352344352542455525253423353442226342354346545442335425645764367456457435565565373
3466356654757733543654742244542656244363463234436456544243224442424224323225553235255543523443523433366664564665364233432264236733444766667477746563777
6554767546635547676634676322352334244644524245445335222432425425424522525325553553225435525453245232564622564646453464462625655636377457437677575455434
5455665575554666636553455454446666356254325625563234355554522223432234245354245542242554424443254253252323254535336362652666254543533535535354637545676
5457354364576635757776544226264623322662653564332234453235424525452333442544434324535534535544325423556344655532434645224223444536653776357473655577467
3736367677733375737467332366444354633622332366524245253343345224545223325554244233534525225322443524335624353224663552365565253657374474373563555567763
5536454543457747757764756654245224233636633334225644222532222424332324524423245444242342342545222235263246345654565335565635365354477775377766474657573
5774466373436653573643323352323265445342626365343225252335322455433222243432522542543455433432243532322323454624532623332363644536455344365664766745546
5467547365665747543436453665644544665255463453246235534532325535243345522234222452225432523455425542453326235425533345353545624565365576436646376766654
7556664366474336634767522656525436652632545543426253335442354233532425442343452333445335243554253522324666465626222343556423535475366473356445345654547
3537646547474556346777456326663262254236522256336252553524443244555232342432535225445542524225533544454224363553543353464645235257454366746464556737754
7637754743653355663543564222423552224655656224236332334534335524422552545332445333345335422222252253435222535353642633234342423337555567445767575353366
7454445753455667677637446534266323246362354452525323354432355253232335533422555454542522522322354442224522226265225566354542534244765746566753557474655
677467577353355755465666366422656563546632555342454543223355445533355222533@532422552343332335523355443245452245356334456554555653663463444454575355636
4675734556465356674463333625223643342234646342635355454424542535523442243399934335233224232443223524442254532364664643632255425626554555334555466546533
7747544566473445665533756456364254453263266452354254252424532534322344432299954232253545535233433222326653664352633445642555536433564637744764633773357
4655656633567756353653363625354433533665636346443434223542544225444453435499925353224235554333332553336544543232536652226635336664535637653345434755437
5663333575454655376444626323262245344632655243643254243434352434252432554399925233253452335453255422343265253446444242556652555373444463633777645355735
7543665457464666537767542662646466432425226635225345435554222434424253523299942522353453354454542535252446635244233424666222365636437763636443754773343
4373773675357334374336533434454435434252344443645442423443244444424432323499922222343324324233254435345264624465455252566345263445753374465763665643675
6637663765646646666335633442224555625256353642536354455442233544532332235399954233554254355544533243342622363252663544255533646236633353356557653763365
7535336555653534746364752442532342245445365554353353555545533443324343432399932555544352245552422522554436636442554546536363345443767576546467665545366
4536455567364756344376424346546324346444453423565645233525535235233422523299953425354424224245452552564565325344424624533363352677374567477643445774343
6665377335674443554636423666343425353433533452536242343234323255533255443299935232324423543453252344354254332665236652665545646475355656566646747554764
6553365436437435365653374466252354645232433536625542335545324443423523332299922235322433534244444455453526345446644232653454234675675673644576345656365
6636464775456544537757736246466424454325342322222423455434332224222223452499952533322422423435453353454264532225265464253222463766454444774344574453634
7575375643565645537565552626233624533653443654424332554533422245453252223399943425522225445544433454355366233365453235555264262646637445747566474363774
7363365735643643747537643463562354222324456544244362534324333223534554443299954352553225253255223345353456466235425455635644265556457546767465544737577
6663635366574564736735464636346664356622366543566432524452255425454345532299945553435542443422225565433446343436563525542256237555434333746447535773635
6365756356434444357647436425244556424645454635554332224345253433545535553599932525232433554433244242244366465432666424622254644365673575737736356344657
4377574376365644737477636245254562663346536426356332342534533344544243532499952322442225455443434636546433626332536622333325335476765766337637675373546
4644764434443474656543537652555623224333353656433224244235453544422544334399943434244454552544462246564455363523654546243244333646554355773356674364465
4574557373436653566347765555252255555544626364352245452565445454452424424599932325352233333522555455556646555442356533662643343766634745353563537744746
5456453656477746545774564544454452536464232523345435444222245353253525425299932332554445452334425353544543652435665634332653243455363735455437347776344
4475543446774667476773336364526436222325524553343322343662553243223452535599925335355324424442262652466242363223364264533223636575445554675635553773367
5333336463733737554467673463643254452653653333652423636536435252323455243499943552433245423533242633666543265265352263423222553337673566663357346674373
7375775636355636637343633367543465444535446563233633566255445532333352325499922232343423353243526526366242266653643644553534467353466666357553376354337
3453746535437457537576556475654522626432252235262436225632233632342535224399922432322253323243224356252634264425544666256634653575574376733467634775543
7565375767465374634765565365762245353624632444462464323334566265336432455499952525323634222552343465443654662235632635666263677363676333535563656637433
4453747536656563745356754767636344634523646664242536346462525362446552443299933222533633362562246435465365232636423625645354556375635755446734366734346
7377357345764543776546533464742663264542343656333245336456225325324224655699946545635344653226463364646444452564263556324773575355565334774746767566435
7475444655777666534343347776436663243344542452533344256233233623254536346299934333236424442532442322352423265343355636342467557577754563347753753373468
8676456746763673757734447347657544262264336654643243665354535432266243252299933455463664363656252525355555544655634552545455777446633537463663436773355
7554574556345333575536347563557332333423332256465656346455365665665264553399922463355423254633665445222334644422265254637364343367753436456437757774368
6855635567367573746347344374633626642466265444266336245636566263324535646399923463365255446244322256563356533643534525445473347743746737455676674737585
6454543643447534753476467754473544434556542465255646463552322555634464535399925444255542346633543253643253244552563336547764556356734365745477554674886
7775653767674333773763567434434454543265554264242366652244554236236352544699926634526664366545454335322624645366453466753766734775343567355537745554465
7846577573677433547644656476777465662536645223555642524664534635436635642299924655334344254654655463423553664524646653565546544466574664545673736755487
6445373654537473446735444434543553453465363345556352365254244323234445635699936422554354466443422625422536264253236664336767774553357444754346574477544
4848535754644575746745647536334764647455452225246346352543563332642653536399946222635265244424264444263323235266547335337743636744557537574546475458888
4787844463743634766556734673534773335324563255565536244366544352456364254599963653525256556424556255246646254454677737373573536635735363433777637456768
4874573636743577435554566367747466573533645453656645336224253265532422644299963622536546256325452662222264462223444636743677635567474364536446666464888
6457583635555453644546647347447535335477453225336644633363332436656533626499932424653663565422465222425225243335736535753567433764656666477777464565568
4686888736677535447377364666634436576465443646446263265465366634325242326499946346666365352635652543554324523356535746337547347377677335754566454765845
7855887375673736367365646735674757655776556523455246446546352535253235635699953246634346236322566333234662242453566734764467353557744433535637575665878
7786447457645536434444774543644557643754337346532633252365353244234343636499946342234326324256355322432645336474666345434446454646554776554547357844766
6466587565453343575673747755334444775477355454245262233653365652232245465299923365435233222353326434242235435636737564454753635354767457377576857568754
8448856464674534577676366543347537367766565377366624436466464235342644336599925526625235546542225264564543744675464443445334553436634776435776565578688
5645565844655677564554743346647366545734367776334545646433646653543424244599932552434566554562344526466553345653673657767467353773546533573337785847554
5675444655836567667735536646753534365655737457446555334643645226225252333499922233556633446663454544334363666344553677653373663377453443654384676854546
8568548585567676543753477564675347577734534636556576552454525262526232533299963263226535525633556463476455335446663336737375735736736435774658457564468
8576686765883357433467763733746543465347343663557775723456342664346664534399935234645356535533643546376535665744365666377777536473334373753655854584685
6887644656865475637443564557366766745437537467755664653625524522364533236399954424633246555246327567747555567374346575546663655544536677337888767657887
4847456585758456577533645445746357745337547656433574346635232524264524564699943353363433425344767364577546535677763554757775433764675577378786874845485
4877686478847763645643776434745543337363755544445657355465363225345652245699935463346335546377756567653434543355743377677464667366334667666577865847867
5588765845476855674674545666546677334533744374777366374446647474624256236599945666463647443436533777635334564734635344444347476447533553888444774477747
5784845555875448437455457376447673765666677373454765664367467674567433344599975434543477676465435366666576634475745334446544534766744365665658564856458
6666888688686578875537635763363344354537737764666344737433464357656665337799967565547646746377564575734473455657753565345334643557463666674676468668846
4745675657464567477477645736537365655643377445533466467433543445754747445699935337665647557457736564745337373474774373463676553676776656855554546544776
4657847746755755454676546665557366567374337344554455435566343635546465446599956445543776357443334443357557753647733375434463555347638587668688845564754
6478478777787557575547467656556363565744675744575364445537376373376475445499954764467576747755356777775437435545774476535743657644375765744745575587576
6654854647886557467644776757776674737345656567653744336377444755636674666499955457534756576475764766444355357555533657547375334343575444888884448686657
6866566566857574866885473655775375465367577734353665745373443553446673735499965657547436755657344456656763375343367664444757357437785488575884847645867
8544486576564744766564834373335633377543746546543553336755456465367743437399976443343333435347574357336345343344734364477653475758886457774656688647445
5757584658584646448774673743654335674575645657445644354667345576444653433799947356667343675673473556763766575745765634477745463548866687746667884684858
4478785876874775677464677864336775363645346355443773555445433754347657376599956654546465547536476434354335556675743577663656658486577854745888775575786
8867575744477655585744576756357546365633664734754673444376633767757737474599965443434435553436633634465753547354635534557675487747477676857475556774465
8546474644677768854467644585335744757545655335446676575676534737455535664799973643737365475444535475556377745536337434553664758784587884458548757587858
8757756545546454468846684854867745465547774675646343763546547363344765773799964777347754533636763764453375363773365553473647768845674575665864647664844
6748775448566684468477446575867674575477735747636534775353773535646374537699953467645645433375365753637545454633647537345684774856577866668584864664445
5475777454447586646447884744788844645437665464334644646537566763557566773399977453645445763365636336734677475373745354888867444847768887558548578584865
5575648787888858547487476575675555755567376364343555465637766533336343376699947743533475543655574363677373434336336474658557567777766467644846844848454
5867687786454566556854885686646485586755446435737566557756543433334764677799947353467433535464536754435466634453766587685884656467444865477464564787885
4468746874767844847855646866564868457776467346763777465464433343634565463699965664663763564557675343465463345657647657467558564455754458556855476866767
6644587564586568777447744577854588487886674455377555777746736676733643344699933645373754646546665734774475736555457446444754574665544464568657485774776
7666645555667454776576747564856576578545645577677633766547643345357674457799936543766576575355377373354646465757778575667447847465758787454557446848555
4555768644464467456754845765775544557786666556755766636666344533335333475499957444434654675356753745747347486557854774664845487655878768587686475746774
5876487775788767877565484876854444484465768745356754663354435435473675763599957567437766566673434445353557877578546488684478854465467664484857458888454
8444456684844558654776764754447884777464874576578437575657466374653434336399974667565336754767566675638775486567754658544748778855585447568865565488555