99999999999990397372875806991095776838670649916380472203790616144644934860241871295625533804530861240281113587912808849782038366794045612333452888467773670100247819566413432080
99999999999966809992079370016686113841534398473786357267562412210261154797792775606203476985680295123582420712125845608809469770199172013843946011699160301076026719367719191528
99999999999995919999179399174951707578462163095257312916416174409864294342169233429013630897544783772421136260272684734606154284717770723523269984797592054808002358781414844426
89999999999999999999999995177331349384007459215792536931226022763697630385222257256235167915769999965005694467942373389590447670758603579331892611757812085915524004519886733285
29999999999999599999993510901398671372202420005024418722623970864955493279686447939999999368999999995771599999975242791504182692651207620126691373886554164470174729465083644542
53199999999932999999995372218307851264663991356823081061075085631281189950322604439999999999999999999999999999997267469997122790012808186076715459292778968107930090091894939867
79999999999924349499912645569356095087262323262789964063872960803755580599999999999999999999999999999999999999999999999999811175666056085525360167773893673543629683602644161198
44499999950637401577187505912769108927377004060309052713414352221553259159999999999999999999999999999999999999999999999999976247993200816483639145378091935898288094847119123932
11999999923498011905648210255405149602600535703683826181698810856399996999999999999999999994529399994730299999999999999999999497159679571212347096880227089424153666964147811109
59999999942669988447069286740208543321401183390041297740842888999999999999999999996301699999756319999269389999949999999999999999999999435621222211020629719391562601894652280571
99999998858662724255198239014203874460724219257612321726911113716999999999999189999911831066598991156753158969652975999999999999999999248592413999448157930342065270664474732227
99999992129990799936557424795750485231898869004195815726850111747999999999813935804114573198186087233521798994815675999992999999999999950889977994268942578563105432199585457811
99999999999999999552529821581742073491938777678409166801409999999999994999939440580039414745373763573071255365299594599971541499999999999975243925439432778827495755412797129882
99999999999999994769617062197477044788579605590042111813989999999999949797134992076572843365863718407936474882313125134591414499999999999999999948767532245821057696058273937575
99999994019999996710883218503060551236445081631198402332369999999999991805858924515679452673607290125013790914176402385541565999999999999999999958774085139648750581079088885130
99999994114166139929710502488436848415849715161819621466999999999995003586827441270789640127112715670057906565846453741534609049877572999999999923641776709308289756673809082479
99999990297743387934836218941787074880408694582348372999999999999671826950100217088589493994931420019931177994879805514507928593893685099999999968973699657547932358584477629668
99999926706117951692850507130044782240226791795000599999999999997414294238912130408913050038814141111406131457953596221420477179975221699999999993999159970838177130624193326717
99999949022250911994804723657898421842830540210763438999999999633174955536482208223356833394484650513262297645912989596853897645999739999999999999999999992218980333041671395687
99999923064959683830629743501083080725478383019617170999994783007881740609377480593324253921221420907628194356392922935158661241394858999281999999999999996313329110187905740530
99999979994299928580945153278401715227106017402540999999987519432624848172774017789727499971997743614465399530752798387922248822483974769600679999999999993165079192912421423443
99999949999993043049324581797246331527595517286894999999999194729149275871621233957999999999999999993228060109285379833157406236916543571406272999999999956273803175848999361795
99999999999999885498679700401155786492821444662142699999326993973016893846211629999999999999999999999284082752133742692175730756416484664742703999999999697998316767547231815104
99999999999999327156827915772058480386307058825778799999384813376463053533539999999891603879849899999999936737872704514877293510565276512615099999999999824817499414759667079509
99999917899997465800933589319922823316099416519409999999969445884011693769999988318918448434323653939999999943709831970799280374807879578103599999999999999954222921637787081040
99999991127927876936936135457493935748516545542799999999908382250753877059999106459876264108820972793999999992318973008890716625558214840808571981939999999099999837732091491584
99999918129556937996301001187608826217457629597999999999128741147961852999988219895205559984077149427059299999792373397965971140928422092183042933902999999999999968011971658389
99999999031753669105323459317856838323155930508674999999201176819639595999978886018888884140677267446775399899999473484651094307110447124711846571595699999999999957151512700963
99999965509167995717661205008066395569842655880184999999995392044047039999667369888999999999235685579278074049999321438185967423568730977374979503309599999999999543461993753662
99999916992929999909122731903538858657020366239999999999220345744498119992492328888869954199992025175942578999999989532084482672088825852061011892299999999999996693079376176943
99999913999999424455448227035258215643998031986439999999623336285900849991088088888888866190999661918330606290799999137057539093451503579115281677699999999999954878792174604320
99999999999999998666428074677313655702772635749699729999935838047263559998720888888888884006199996790580627946799999098209728539667681414352263248577495899999999999345963211850
99999999999999989202713409371902425223899025875123699999990351213980473999776148888888888666829993033294006426999999197691170771401676605609441428448947039999992399990916455901
99999999279995621494220903232198875076683196731236999999344469579945219499930004888888888230319993702015758065452999895263659003788426419121557682207516589999999899999941873459
99999999974925374779987596205390823500270828449675999999999178165342522499998014713888886766569999191114637839978999995260329789490726797722784253197137604999999999999996432127
99999999926773769519008795289576751350510216626524775039999949685709571623999999999998858259549990489487408341699999995282606398989020901861600704190797293199999999999994177302
99999999944694945794883090386858307842657737792791940899999965587368128307005688888423420844699997991523267387499999967095831340179716101715546872133405399999999999999941742535
49999999995113926998845829612119977368300753691420781899999999987992557554445171013356456301999948694138604469947399991912085377737639162892278220884735999999999999999207220125
79999999995299911990827838524172562826130357450482465462219999946114207711619064761876179499999901993265138145245999999400207041337385808356983939337281499999999999912577800407
19739999999059999999600316956828302784155660146758895667179999999997849647474107556586945999999777728692093433999999999154227368785965112520553177311347399178999999996181011722
52959999999999999999899733320113189244924363028060193669799999999995699792816539649492999999927400510092573588938999948167581441280010727531035004416822282394369999999998106895
59141999999999999992330909636229098769981751968479390062932821499999999454999999599999999992461695492461559399975999961528869434889474868015604043005709133703671999999999938401
56099999999999794702354411325527810765122244084365353406962017499999999999999999999999961713000485875094756114889999999468881148015739741210143799700499743560320699999999999824
68999999999999999141952222480362122486244836700876543339655084252697899989999999999549613659159696535481677949999999999723728524615377577211066169996797419117501599999999999993
01999999999999991421273749190680878461846850645265948379450492958163286611299226112727840617943881075616225121999999999400701007930167774738036782086945142119297799999999999997
72699999999999999399694799035016330088892921063752686444997633161126691152054111562147962036408661030823411978999999591287680952048792493743207334236687022999999999999999999931
80981969999999999998999999999225754126249859241262333307384620420097145558686494351790303999355304648835879999999999066261094113585714066652293194135473003999999999999999999029
40060791099999999999499999999041059275266346084102110809404905859780134827229113956232887418183567781887499999999999426061197281648991598567421194680296279799999999999994994070
68669999091989999999999999998729273851267003963476698922016237691734827933731309758952210575847250424924639999999999119292147131677069483697181652340669479997239999999979604403
43965420344349999999999903195886976837405823271870370993344809669434445760354151458978042534357857886915199999999990082187672737584535614256695554204531299416777999999979243710
13479953029479999999999999533112834932494727879816324129079490166188887075732462168195761465123316129999999999951533342080110454491430383372661892378172697695896999999676999115
60983605321359999999999999556966424998433299370484778311708798909777455205889140071069286436434989999999999999935627837788291655209652956583852042644969132492824999999141891151
36489176881559999999999999999118999999959235982983980380157701711412830728856548523809785343919299071999999999999986285108268613176627198451763899956096575715049999999654999993
61759672186299999999999999999999999999931792307917538081535563240692416528889478737020410489748938876999999999941933170986640985371533664308566482983897557116299999999999999999
73240627120922499999999999999999999999959754689275499723107749332200405867059266703485642699999992699999999991375249968745449978317863781837192080208127073599999999999999999999
22734874667013633691059859999999999999999144789999908661840386497373200188449197300541979411999999999999964515740023888454504703895197192559719765760825709999999999999999999999
88065856545383123999438121999999999999999998899999993698792716599626651791328524999899918652299999999999777994055546873957856727462043153865522986640974492999999999999999999999
75049811459623525423468260799999999999999999999999959511749999983499449979982214239999999999999999999999896887289594971133990306403460242624347848267247178999999999999999999991
24234906508219283633678128299999999983999999999999994174233899992633885899999606599999999999999999999993209231671212024606344736980057405513960320193376799977399999999999994332
61051302353995609098375930199999999993749999999999999999999999999854663999999999999999999999999924070555985274517845044912851963335181653177262416746083891167365999999998679887
96770601562324646899412428219999999699907199999999999999999999999999999999999999999999999999992320739416729406345836677524408039988321747160660035419637374868914689999999966872
07849930435889693759999999662634999693191999999999999999999999999999999999999999999949999999999997174148517309497841337615697806464436163107529382829394283888935591899999999284
38342452290913332962719235304783499909208799999999993589999999999999999999999999999957729999991189694980684948290100873875159341685021035202948163192072238328027445799999999980
18891990348212550755245062859732829555436179999999989954189999999999987199999999999232679496275440868869041664651184746279768946808839672761397225845921727997846135627999999940
06978199542714258127014567857514164711170041999995962866999999999998988290999999999997121131344236855428946037654435563722535405269260909475434084580754709448931899998999999992
69803318784327284664959042837599890790232337867527993359626999999942749529294989349962488189190162505415402483203273864646146647554731285724720845337279999999115299999999999998
96019875301086138685674240249294447656266515135241999819677291442899445659472607705221728201595394017678576423192082763239898002050611238952859289472299999999906799999999999999
41929522378272913989111202677015162147326480473706318277181818324237752782127934656266651434211848476394960739244035180967374777178344775330985814480449999999299999999999999999
98140977212756230561436732983830925968677399067162680791874229796665659294853082314632812298827838766683711325878722996021908160302306976915666945541359999999999999599999999999
76467370436513796550601659801296720247179572084169429074921974374444395535953917669656633184915245002689682254291330000307575526150750562183484026799994659999997964999999999999
36844286989465839992201318431765919797255101380652376317440426300590111358091553153696493370648611798939979504221110641224759522180665665303833391993499519999869772399999999999
86523220170664952036694790969625498851833770617234292906795515932411572279687346169494507993497909039660417645059849620524211979103878451979999269364058319749935629599999999999