5344961818552586717553938633983896911211111978445253151469889632992355521793662162933126684818468755522883188415266788466529427534952167233512747655187965596762675854218542387528413441816434528378987514
5348738836984473924982513489915923961111111119984588125111111111183529856399812439364487437617864511111114649262639124332173689851111111111116215919721211111111874577673457885982786453437521111111111577
7662111111111174866331111111614765611112936811646547741112111111111835226111111699614997483244833111114118256721111111653464583111189688729386584935811159243511153978111117759811111186862111156131114534
9211111111111115536971118541163392111724715854391232276511128819111163315121111194381781687958578141128137168651486315215482571189163594228239736338115993677161153511156258959614611161137111925811576344
9411154568861111183342112157222468371137623153495842185627118426221165913121264118595331127643532142539694336717325711964418611326149764311113465281645625823221151126935695298911111932215211918758916328
6911123661974586111532381111646295218111118412392272856773911189641179125111296162589166946387494119695559614486595414213661419564241111289358866519325435433911949119643593937871774944469794112436137755
1611193448511119571153819148844964136874984991878942224654854793541169843111197781297918665111533511641644923382459514976521311111111919111119696912551111116119787811111111844411593232885967264518297393
1491111111111111119529687961499668939782628673917111111111278479111286628811111822598114223199436633118461532216599111834441281111641111114111748112187128271114986922698526161131383296484111136513354848
8579111111657391731152675551111111121312518498111111111111114491923262328311211294911215181153378752118613559111136811332147725411977381114613249716812886184538984664657941111111952279449111161111786517
8737533927486642837963829611222222117752321311111167916483115834671731111111111111111872249134672589944398151122117687111436594821132311879836825956226115843114547879771111978281454974111369822981546674
8275897888878571111998273112111111111198138111122553316877853898381111112216785911267771629711455524243747111222116572486418725111164511958128581435811141117227741356111514622626241671154518372815158458
8395279931661111111117319112136199118185781114429897972939647559311111612213168811375111277656146282892911111232179118224861411122114713469122239929311491815287614911471834695485591711875891243388136751
4914986965956111461391143811115574142122189111141891311111878259111172612218879322411121397344235216111111261232178638937611112222119114641846172479117712224331516751977831716111537312954718786441112188
5933111118196411544223183741111187485129558911111111111527517642117149612116849131112221517454811111111721711222111111111111112332131111668691476655611619898388112634111123697862494815878112222258119598
8181111111153813561418989156251111787623144894474761594319188651157959111151833111222321115511111194935681112111111111111952412322187117142124239697453111613739182241896821648378256112162116727897152538
9841141629111479184651374143773866742939189631291361111111393739158384111149111122233321141111568189828491111164678284292121112221165811113921452815374371111111149139388523275992589718968111852591758175
3811133863811183763623651111835198711815253532651111111111111731127991115731112223333221111221111111111111112189711118462911222211834651551478911137188482981923397726144278116589895512648841116111716275
5111649577165147264984111211113338811111111156981111623421121493166711215111222322222211111111111122111221967975411816481112232118761328667461112156141624414591736559611117571111177961493575711152732936
6211977357915311193931121111117289112111112114731211835144111133493766274112222221111115446511836111111121111185886444111112332177446246817111222185411111111197826891118412146111581291416441676928249816
3111135325845516925599121742111435121123111212711111681265911615422479111122211111663466934578151127387111112111185363349812222111111111111122222193811737411118653991342971981116996596662896473372853113
5581132321114843135741111572818628121451961216194111172576288395625211122211115917538216848232549372631762111112111147311111111111112211111223221138911625843211251687486842849786676417588131465272697763
8451113111523165128273811162767144111163611118686781111145219528631112221114173789391111111111111111128534883111122111111111157467111115771232211326991334624491541127618145731968167328158137111111118814
7621111115818626163135266111591173912164356176221465174111589354911222111356266351111126379688111611111114759261112222181482818393882165511232119381841525656171774263612235111138765729623661183553531124
5983181648173611111118475491111711211115645565651564833363579531112221135394614113798948668797326242124111116357311122113958891111111222112222115888583516724551545329691111111646261571514116838226461895
1752678593426111111111178363941365867811127135911111111152487911222211588915631224538638386111155764526357112326157112211975365695127611122211185474531252346911657711111989634286784462392519735826111541
6273948843251111629221189396527453544596957883111111111111233212222116227135716144266761111113265729611111185652584311221119861559111112221116166159567455637612851191177519541635996347879416473959491169
2369177184361111348317151193111111111715681121121999381215611112221145512241857155777111221167111811144375561564517991122211975922111222111771165281119794967751593488112611118791411111852441944984387186
5918961256957111626755958441111191111111127977121438621114221122211664811232712833131122221566564195264113111111111418112221554779361111113164531311181181274262753183611111216911118517115521416535821461
1467116449787611112786681655112191855111154211121189561163281223215112111796311634811223321117831189111543961185911247311221115253211114429732541251737611221758196718576428534611653419511852637439832538
7396117714714458211111838668111127236211111731112184211186111233219182111161841592712233322117321826511454411186649137241222211113264411593219672511954491151142271711111773169414952157116795347111111115
7319152919164392719769343525211116374128755155911115511544712233217355736711211598512233332211111111111374511324645613881123222111111111114242188971137675159974811157751116581718186251137967451344821119
4371181341119678169297115826622111111126542118371197611399612333219224675347758298311223333222222222221651711219639948762123332222222222211151482514915161111683116518448111197372131115788843814794431192
2491138931213379531111119212821952571824576213695583811411712333214931117882374267891122223333333222111111111685481151611123322222222211111514631173425598914913115181413311196411994284183582119495611521
1961116741214567111112856365418974889681111937713273471329512222211111111111752521275111122222222211141112217859388111522123321111111118464425316927154743815442452171123111777489429145187819419512616355
8641139771115539111435323715847751111111211111165773331722612211112216788611112986747157111221111111712412211134313311963123321323645838494624541491158593114724122318111121466289831111111667519218717815
7661123411159841115722919112811111222222222222111157991948112116123423364673111125621937831111278651461112221915354711143123321183195712111111111163611655134129168129265329535111111766111111942642672216
5939119111464459111883111691311222222111111122222111452291111119211132915692491111161697527231141111199812221156832311888123322184712931231462358115924111156651863525656532391115194271866114187228889284
2237611114128953411111156576112222111198357111122221115411118541111495515852355811115456712561185148611911111925854711769123332111713533853135238211977361674396111111118919131151544891221112467111147677
9136495768617996857161569881122221131487867527111122211112211111177799119423972898111112572852739392111111911695614115958123432221189987314544936411196682543111111525611132671646278341111247191132111192
8112783777113914614513669111223211838511111146176111122222216548257854118111164112931111111111111111111114811476161118567123433322119668561713281199482562977145581712631176371754371111288291131596791156
1278382331134811338817697311233219634199436311649992111122211284311871111451841586449171221111111111184262118898111913981123332222211253295881113669327249284179989782111534641212718882947725311533521121
6431552821366811853749357611223218285214561212475583925111111111462613718592513643681111211577557613174451118712116421811222222111111118134113989495411172639111348311125985277397332111111543768379311728
1664429511995111937317792721122211522551111111161918762996769879176911598145732721111121117913375582939811113711175225212232111122996645719197851111112111199311318259836429128851111115411114441296958846
6652546211811111417122583198112221157791122222111153515537468561181129839876111111221111674673617724175951145511338638112332152247667611111111111397122221114494167919982133565633111599726118171886787968
5172671811112111571119981678911222111514111122222111148265931379742823111111122222111626712615218884993461168215455518122332117649476111126761153796123322211157711134141111111135412655151134621587673197
2547415529111185131113221521711112211144893111122222111111111111111111122222222332187882713441111197625711589686457311123332198414249119595511595951123333222113743976111111111117711636578317271111126914
4316711386389113871965111827948611111111129262111112222222222222222221111111112232111111111111116712593511138193254112223432111559392174131117786811223333332211736781172431594117441118867147191111111996
3612821189866962741582711363184682691111111967245311111111222111111111259246611222222222221111518562111137972487625122333332221371633589641138982112222222333221149311512757431114899171111681111162261171
5722321132369618381159111194137616194933279562912888618151111193943356235479431123333222111973418911115611195337811122222222221888135443119633351122221112343322115211311976111199722421946194513546381623
2536949113567117161111117171111111469932128269876791962543162511111111443471577123322211171353681114778911161316112211111111111178413711137613611222211212333332213311327371149218517111113953632995911823
6811745112193311333411197691111111165766911111114869547585167362166811453575931122221116558936111351211138385311122114973446776233547185877951112222117112222223215991416216154911111111111741798459797877
4912127111221431185223888911311311119355311111111941787922946827643116198291111222111668138311186681118244314112211155164679171916635589284911122211188712111123211826536497958111119881681843243251612673
2311775111857427113852285116196311137312311995811563178911114149111165641111222111186939491118678117827197871122114593462211111184135823851112222112919911179123221267673813681111564473696152651344425482
9751137119222117111155472138627112112261611352431182281119836725112376111222211193271859897143611226215741111211195711121545111563895621111222211178717111679123321745712458781118793169793468147111164679
7924411165717118113514861899418511167496424143218235111877426211897311122221116428171171452559111671127451122112753911611118748682791111222221112581121114921123321372739711129111124428941583811111111266
6711187715742111115122591457484111915111111386892365116353981166941112222111689494736111115891673112862111221148151297711786384111111222221111639111911115411123321712219112138311111111153861117822691121
1536636637469191911687925827461121252111111745923281116221115672111222211114669131783712212561111226711122221445866559756111111122222221111268211566411196261123321277911122119168391527747947117919171174
6991637281887934286418934568549139481135411169666171152111538341122221114763363984833112114851551345112222221111111111111122222222211111259955111381111162341223321931112222211666491186452233114962861154
6819758744611881315271436417325612171151612156988514111741918211222211783326191949967121176957294811111111222222222222222222211111116195787891174571111153121233321111222333211385811111115995212211161161
1374611942161845516141379283718612321216412113422189368993441112221114548617562479111111256543111111749941222222222211111111112966853562611114444111119981811234322222222223221825111343581914339785111547
1675441399188181611468191111111459487582811156171711368142211222211333761175687641121113486411119259677111221111111119434337386456169152529657811111565596112234333222111123321128114547831141228972914244
3973491195191181911578148514761159683271911464224541494585112222119218111672416521111772451111133219111111111991262789852392111111111724467782111118949111122333322211153123322161111644328225691177628632
4124341167188119321159957214321196349726518959145911121141122221194611143743148311136578711157721111111116569248766193451111111111111112897111112735391112223322221118675123332175113915634217826528366562
7512371164118417531134392826311661222946773571125462139211222211833611541311374113129761111963691121114163356638962111913869164268112211881112248591111222333221111216771123432119211158438327665211115828
2971811394114112883111544871113413563147314511966222175112232116337114153112591136716711116532111111752836851844923111378753598616712111375723297321111112332211773173993123432149882591954585281115411589
5446113731911111643334111111391114135119816311293541151112322142341168211111111176983311119591121129727738511195311183115616217626111184668165287111114512322118717761142123432124834684728475392142661735
8386611725311169693194357131811591658911881211476441963122321162881666111216539491154111452411211452741128417417111291829697118211113868581245491115217112221119118691195123432134791831111136582126271555
8265918648739788681888141368119911114911168511492219312123321198813484115523277452826111515112215263312533118641134894841521111111918864828458111118691122211716111691138123332161781119367171116216543816
5642168673782857612486111743522111996151513191111139441123321285811548118895991811261117167122111999113621137811773525311111111125932683811911111275411222114726311611168123322143611766789271156776967569
9771287819145676571742973311163211749111752277345717191223321865145184112974339115761219551122151961168781767411748193439492971148892513611111615675112221154784111111411123321191111988292311791727647234
2911173116866853431168188151715491111133855622883869731233321688621791111941891184561211581222186241318561452118352711673262251114111111111146916511122211526529512111621223221373115764991116677887687385
5931211163555771651111169911963542268853884518639353161234321292111116911169111133151215991122145711199661979913927581149834211111111111125828478112222114624297111111391233211429415429222183263111111115
3641111134111938181591111113238144743996399185142274811234321649911117743111115884851111716122113596117931182518112313978741111851185261611187281122221144123111191917811232212139111495894784111771911323
9878949213516361118246317679236486624543181191211829241233321241496112342122521893156113234112213161211535194614431111111111152468211111124674111222111543719211179114912232115457751119742111524869117559
7197458339111939146115628344697561345287211149411263681223321898511117264432573113812111224111211787381111194315381111111986276198119994137311122221127771297411152661112322127292684524415119766471416554
2988919761137651176571184296292891133616362116851117741123321831111152111111111113114711129631121196772411713714153546839723114642349828121112222111816117271751116781122221156351118491451152738318461491
7889637111119311852413112581158511113112937411111194636123321132111858811444711769786281112283112111671482914114875654111111842339414931111222211163242869711111131711222211456111111195911655417524847251
1611451793111111175654912638173211198935964641716977922123322192111995917435516868193975111334211111119989179785448111118951173446943111122221111247534579117146275112222116831113148114211155671171918426
6317537575516237437895211951211111154671627676977864713122332111111143931987227231118171431111496122211112936823946359913361932151111122222111965491166794685498151122221193611124953411631111111164694633
7116196471928282918642817623733625676172111184111112941112222211591183442936118888111795955611111123222211111346998246913341111111222222111116311187311155167773111222211437752129148161575541236537111782
5182927145238377179358113246459949121197641817244181115711122221645131614126811772111139168985111122222222221111111111111111222222222111191629815474511592494821122221117351586113169381159795959411651525
5111185311485871127611111872955344111178399573184238119187112221154536922691111175491111912131427111111122222222222222222222222111111136912225111142311964725111222111111169138118814721112626494317461198
2847584182159359111117778452219118341115935428461111177114411222111483115761841111335171112321935772537111111111112221112111111167566677497211111116111594211122222141351333111117591111175497376163831167
3742371423212341711975577167273391728111111111111181591748111122221148111149431111118939114756511117859343991469811111711182391313375164711111119173114821112222211166144111111491567111953315428536551121
9852911644456161735966531246551111176934842194391857155489447112222111122111827581111111111852719761111111111457595474537411111144125411112111548643346111222221115424111623117484518261353491398965491381
6129981147379121116692621149541112324295111212184455438114799611122222222221111977711111164597784522355991221993711111111111181312611112211164392876111122222111979311838551177219157829831221116244811667
8531535112519913887362673111111247829268911477894111115411639772111222333322221111478827624913911111111111111366174511111217298211112211112844711111122222211194976157881981573825322341917517112231153776
8414184411142348117552113599685292711111111135261749311111236422221112222333322221111192345247773411111111211494599886234571111112222219128311111222222221113562911292565212179576111111161135111111743175
2182111632837579511111111672448832119197611561156548264782381914759811112234333322222111111186614653545774556172449911111111222222333211111112222232211111145757411111195267941111118799753817126193565336
5875111429727515511686845515324217465747989533473684264437554918316278211234444333332222222111111111111111111111111112222222233333343222222222333332111498577511168264847847111115483846292335221411111343
3728191339883973841137113727115944458644928563741141178586279935778152531233333333333333332222222222222222222222222222333333333333333333333333333332178658117998629268553116931118718881115126229117731738
6537321125122491586111139771416717611111111111111111111111111111111111111222222222222222222222222222222222222222222222222222222222222222222222222222111111111111111111111144671111111112385735784112151458
7722111168154489171633111116181246678319111111111111111111111111111111111111111111111111111111111111111111111111111111111111111111111111111111111111111111111111111116111421116264855159737165751168423377
6671581971132483618112638727285811176746637418954965519834292819338876796217352762187354181298235934597758316623622441877355674722537444556523295325366815576241111955332159158399851111111111511113258121
1626117987111279154811351132282679464511811346451111111184533511117643218786741111863923918111111452139669727269475344361111146882283361111679952537259111111111698718111111187727111759226511234143826881
1235276424811111161531771119927193976823117544118818111118211115411111686811111111111844431139597111292991477112544912111111111169173111111111173493611111127511884621184841112197111555463811213111263462
8945271612964561187362153531114416195154381841597413741138119781191164288159197556121619511141898816747213139644112221154841891114471176932511113668411157696728339155328435113779118899611111813856531298
1495519796952855218616513146116631117493211241182452111334131511111149416961716211111934612872373141862671888961117691175772519912511548524129181171118375541734148126916842915722611119512526885852737426
2612191731954929671134622111169641113839118949817843127346561111627672216926111111948531629369939243583796119591411381112128922573281375314239221182117212111123399726543858415164641124432461643896231342
6581396621111521568321147991832754261181186311274618221261758442378532222494218178986371854432422211111127151178198891191698463169724263711211582851387211121771226799984521311615531146722911849111115939
6651849157731885884913211785471194339114888867741221351388371994742187479137414878418362586193257118496211766362591955758917881142699274631111155855918412177799211269153251118683194111998127441116211594
9571449769857154691281171114682111111162873557929611111111171371124111111182419171998111111111692164317321391252196292918272268112151811375229811117347111867894625115235115287533194311623915491174611333
9261683326639181111485511718383525382434111144858176677785711511111658481118678714849913993411816313342145115718879819596743981161727128921977121114147118493364917811187136943176752681739141491679111469
3841197487661754571193111316944664664999181167447533191366111878311194271111949955119999591118519267217339864761631474316442719113417166459227111112124111149114858791111144649511816711435356113479118657
2463111111114782239111137247444711111111174434283621111111347292279311111143862484768111111237157614115121877174111111111782917261111111441598418226466217111153371758816567622148511258216777911111141873